.Random.seed <-
c(403L, 1L, 771723911L, 1734112622L, 1301196616L, 1619254091L, 
-1812053335L, 1661364216L, 1668351782L, -601835455L, -1321690669L, 
-913886334L, -240404556L, 729427767L, -1155094995L, -1416833212L, 
238347370L, -1823457579L, -1762871185L, 175339894L, 1467990688L, 
29159267L, 2099094529L, 1510428528L, 958449422L, -902274695L, 
931919115L, -1370083782L, -753826500L, -1683551617L, -849800747L, 
-1262358548L, -1118056126L, 109727389L, -1758377193L, -2020296066L, 
-1169200584L, -482169573L, -443966855L, 1634899656L, 851095286L, 
-1000986831L, 585744227L, -1997990606L, -1397299580L, 792343239L, 
593875357L, -964143852L, 1818360762L, 26119685L, -28626977L, 
-628439450L, 2099933680L, 2114428691L, -1830674255L, 1477436256L, 
-1947881218L, -1691664247L, 953225147L, -490538614L, 1189202028L, 
-1550308881L, 1931862565L, 169653980L, 1326787762L, -1652777043L, 
122307431L, -1657814898L, 1980325224L, 384433515L, -1816113399L, 
299966872L, -276453178L, 175897121L, 1028113075L, 2036895778L, 
874416660L, -1482240361L, 1920770189L, 1365120420L, 1264162698L, 
245535733L, -2099783089L, 334552406L, -195684352L, -427275965L, 
-895777567L, -888185264L, 967197358L, -406272423L, -183136661L, 
-478108710L, -124848996L, 1539055263L, -377375499L, 1704654220L, 
408367202L, 95494205L, -560063817L, 690979166L, -676714344L, 
841446395L, -1808416359L, 1550156328L, -1177881898L, 1908832081L, 
-178406909L, -1632686702L, 1019820836L, -1858642457L, 1109801533L, 
-390540108L, 84497178L, 977827941L, -179228417L, -95731322L, 
1352644368L, 1742869427L, -1159737263L, 1576985600L, 73491678L, 
609244969L, 623799003L, -1537310230L, 317958540L, -1832841521L, 
1553838725L, -738440900L, -1079888878L, -390292723L, 938264647L, 
-815551954L, 120132488L, 1808711307L, -1473777559L, 808737848L, 
1293954278L, 142201985L, -883391469L, -1767812158L, -1696265100L, 
-1833696649L, -926688403L, -971121660L, 402839338L, 233120917L, 
-1562160337L, -1928068554L, -1538484640L, -1320368989L, 521424833L, 
278809520L, -155734322L, -281899975L, -1607036341L, 2056472570L, 
-1701100804L, 1514096447L, -1949865963L, 1251597100L, -1600245758L, 
314481373L, -769244713L, -2067460930L, -1039169800L, -271043365L, 
1176250169L, 155275912L, 1992963638L, 842262129L, -1743481693L, 
-1335845390L, 409726276L, 2019315207L, -2068206627L, 480199892L, 
662019066L, -1674351803L, 1422602143L, 1830102310L, 273771952L, 
1571202643L, -495427215L, -1603549024L, -393398210L, 670388041L, 
-1342179845L, -775423542L, -1887307988L, -501053649L, 1000932837L, 
1086883996L, -624149262L, 1342600557L, 1189737127L, -1121952562L, 
2041803304L, -256810453L, 1397459017L, 1547696472L, -855687162L, 
-1742155295L, -1005315213L, -1248088094L, 1748363092L, -1592628649L, 
-404510131L, -1622536732L, -1263933494L, 943663669L, 1336094863L, 
1222685078L, -1261195968L, -1175363581L, -934256095L, -270998256L, 
-1019434258L, -1259432295L, -341928149L, -1238019558L, 1210200284L, 
13446367L, -1641653579L, -218477492L, -116076382L, 660475901L, 
-1327567625L, 113711646L, 1933472984L, 937399698L, -1388152480L, 
538179596L, -1573241120L, -1875731870L, -254263640L, 586536524L, 
37755772L, -1174112974L, 339582576L, -1696490684L, -1444105256L, 
-1455489158L, 1641779760L, 1455950780L, 14115412L, -428659646L, 
-855164768L, 606847676L, -959062576L, 2000476002L, -2146987288L, 
833840332L, 310128124L, 1482349042L, 563885696L, -675150348L, 
1495265928L, -1432008902L, 27500368L, -2130752404L, -1971729004L, 
-661541806L, 1212201440L, -849857332L, 372732064L, -1981109886L, 
-243959576L, 1520116460L, 2118784316L, 1175080050L, 1091773552L, 
-925717468L, -1333043144L, 370404122L, 1420582096L, 1563679548L, 
-763959404L, -377573502L, 238810560L, 1369342524L, -1776567920L, 
-1113998814L, -1503630072L, -2123253108L, 94754588L, 90681490L, 
167731584L, 1453048340L, 338354984L, 783967802L, -2054858288L, 
454022508L, 912028596L, 1417976850L, 2035388896L, 357786572L, 
-319344416L, -378247134L, -947774168L, -197839348L, -801496260L, 
950850546L, -1640087824L, 1659685444L, 322956888L, 59577146L, 
-265121296L, 942489276L, -1651303148L, -722903358L, -1952440224L, 
-373119108L, 47340496L, -449979102L, 55584424L, 423267212L, 1646640316L, 
-1399331022L, 212398656L, -578512716L, -1639314872L, -1547174470L, 
-373100016L, 979607276L, -484217516L, -1792281326L, -1113163360L, 
-17047860L, -1655224736L, -1765903422L, -1859501272L, -1240138836L, 
-1408495812L, -1987838606L, 146239280L, 1672033572L, 111074104L, 
1592852186L, 1968309136L, 1436146428L, -2014981228L, -526938046L, 
95854848L, 658560060L, -939719344L, -347971422L, -1967104696L, 
758692620L, -1333853476L, 300826962L, 1459085440L, 1795361876L, 
137460712L, 178328826L, 57687888L, -608202964L, 406535540L, 1435426706L, 
234683488L, 1925420428L, -1453749408L, -711842334L, -758914136L, 
1131798732L, -1286734852L, -720301646L, 479141360L, -1963147324L, 
1842897240L, -105728646L, 1469464496L, 1473451452L, -2137136044L, 
-1589999678L, 774912032L, -942913348L, 807130704L, 1592389602L, 
-792135576L, -1346314164L, 875709692L, -1496672270L, -901247744L, 
-435948172L, -1139595256L, -2079722566L, -1852250672L, -1935921172L, 
-1292464748L, -1694950958L, 396034400L, -1375704244L, 1935145248L, 
1306703746L, -928545048L, 643308L, -1622558660L, -1666420878L, 
1104440944L, 1776344100L, -838035656L, -709622630L, -1934294320L, 
689031356L, 887940756L, 5181058L, -1333499712L, 775184188L, -1987542896L, 
-237353438L, 625527816L, -752079604L, -37847908L, -499252718L, 
488379264L, -1611704812L, 1557448232L, 1356934458L, -495241776L, 
-1195253652L, -588942028L, 818954898L, 1852909408L, 488464204L, 
211140576L, 1618635682L, -1371128920L, -232056436L, 1929499836L, 
-726900366L, 394240240L, 1779785796L, 1508715864L, -451665350L, 
2095050608L, -1948394436L, -1843258604L, 242398658L, -1942903072L, 
-391384196L, 1737577168L, -150526814L, 1529563176L, -1279289076L, 
1534272444L, -1493134030L, 226890176L, 1190941236L, -809015352L, 
-590146374L, 1250408848L, -42458644L, -1164276140L, -1750872942L, 
-973948128L, 495923660L, -950177719L, -229001605L, -654344372L, 
-804709670L, 960421583L, -1744032103L, -47639890L, 1946529724L, 
1471395885L, 1615292375L, 1025986080L, -2050896002L, 475099467L, 
1779798861L, -465096326L, 1198588856L, 1247476065L, -1360018157L, 
-385135308L, -1474529470L, -242391209L, -853821791L, -1189996698L, 
355455332L, -536963947L, 918437311L, 48136536L, 2119479158L, 
1521737091L, 1578514373L, 1600875746L, -2055407280L, 1040459897L, 
1774775211L, 1290940700L, 616248906L, 809153087L, -1998403959L, 
-769854818L, 1177333580L, -1020786915L, 2046240423L, 1950887376L, 
-2093517458L, -1626134501L, 1814677885L, -452669590L, -307373560L, 
842751665L, 1209579811L, -1969673692L, -717504302L, 1157265703L, 
-123194511L, 700563894L, 983480660L, -921176091L, 1206190575L, 
-840914648L, 553632134L, -1280356941L, -496365291L, -1475140750L, 
1992921024L, -1611849687L, 185793691L, -699188884L, -1686310534L, 
623116975L, -233989703L, 520356814L, -1193952484L, -351137139L, 
-683631881L, -685715968L, 410249310L, -1263500501L, -1539911635L, 
-1581746022L, -1500386216L, 352975809L, -1687022477L, 700562836L, 
316785698L, 72168247L, 1417582081L, -1606994170L, 1344604996L, 
2122169973L, 948092895L, 1039930168L, -209963754L, 264882467L, 
-420154651L, -836035838L, -680726160L, 116562201L, -1832953589L, 
2038544892L, -1819618774L, 871842399L, -2073222679L, 603106046L, 
-1304411412L, 1616286269L, 220312071L, -1159694864L, 2023200142L, 
-221180997L, 84149661L, -709891254L, -1561546904L, 426950993L, 
1366757955L, -1775134908L, -917365774L, 1998655943L, -618969199L, 
-207974634L, -512697484L, -1719655931L, 761934415L, -504435128L, 
783011814L, -356695789L, 702934645L, 1141597266L, 153431712L, 
-2089956471L, 371824571L, -1476962292L, -176933478L, 1859400975L, 
-980894887L, -910809618L, -677044100L, 822404333L, 1861727127L, 
1779559520L, 13078078L, 1369106187L, 1913707917L, -2040076614L, 
-1622735624L, 2020119201L, 1720578643L, 863047028L, 1025843970L, 
